,Passenger Id,Survive rate
0,0,0
1,1,0
2,2,1
3,3,0
4,4,0
5,5,0
6,6,1
7,7,1
8,8,1
9,9,1
10,10,0
11,11,0
12,12,1
13,13,0
14,14,0
15,15,1
16,16,0
17,17,0
18,18,1
19,19,0
20,20,1
21,21,1
22,22,1
23,23,1
24,24,1
25,25,0
26,26,1
27,27,0
28,28,1
29,29,0
30,30,1
31,31,1
32,32,1
33,33,0
34,34,1
35,35,0
36,36,1
37,37,0
38,38,0
39,39,1
40,40,0
41,41,0
42,42,0
43,43,1
44,44,1
45,45,0
46,46,0
47,47,0
48,48,1
49,49,0
50,50,1
51,51,0
52,52,1
53,53,1
54,54,0
55,55,0
56,56,0
57,57,0
58,58,0
59,59,1
60,60,0
61,61,0
62,62,0
63,63,0
64,64,1
65,65,0
66,66,1
67,67,1
68,68,0
69,69,0
70,70,0
71,71,0
72,72,1
73,73,0
74,74,1
75,75,1
76,76,0
77,77,0
78,78,0
79,79,0
80,80,1
81,81,1
82,82,1
83,83,0
84,84,0
85,85,0
86,86,1
87,87,1
88,88,1
89,89,1
90,90,0
91,91,0
92,92,1
93,93,0
94,94,0
95,95,0
96,96,1
97,97,0
98,98,1
99,99,0
100,100,1
101,101,0
102,102,0
103,103,0
104,104,1
105,105,0
106,106,0
107,107,0
108,108,0
109,109,0
110,110,0
111,111,1
112,112,1
113,113,1
114,114,1
115,115,0
116,116,0
117,117,1
118,118,1
119,119,1
120,120,1
121,121,0
122,122,1
123,123,0
124,124,0
125,125,0
126,126,0
127,127,1
128,128,1
129,129,0
130,130,0
131,131,0
132,132,0
133,133,0
134,134,0
135,135,0
136,136,0
137,137,0
138,138,0
139,139,0
140,140,0
141,141,1
142,142,0
143,143,0
144,144,0
145,145,0
146,146,0
147,147,0
148,148,0
149,149,0
150,150,1
151,151,0
152,152,0
153,153,0
154,154,0
155,155,0
156,156,0
157,157,0
158,158,0
159,159,1
160,160,1
161,161,1
162,162,1
163,163,0
164,164,0
165,165,0
166,166,1
167,167,0
168,168,0
169,169,0
170,170,0
171,171,0
172,172,0
173,173,0
174,174,0
175,175,1
176,176,0
177,177,1
178,178,0
179,179,1
180,180,0
181,181,1
182,182,0
183,183,0
184,184,0
185,185,0
186,186,1
187,187,0
188,188,0
189,189,0
190,190,1
191,191,0
192,192,1
193,193,1
194,194,1
195,195,0
196,196,1
197,197,1
198,198,0
199,199,1
200,200,1
201,201,1
202,202,1
203,203,1
204,204,0
205,205,0
206,206,0
207,207,0
208,208,1
209,209,0
210,210,0
211,211,0
212,212,0
213,213,0
214,214,0
215,215,1
216,216,1
217,217,1
218,218,1
219,219,0
220,220,1
221,221,0
222,222,0
223,223,0
224,224,0
225,225,1
226,226,0
227,227,1
228,228,0
229,229,0
230,230,1
231,231,1
232,232,0
233,233,0
234,234,1
235,235,0
236,236,1
237,237,0
238,238,0
239,239,0
240,240,0
241,241,0
242,242,1
243,243,0
244,244,0
245,245,1
246,246,1
247,247,1
248,248,1
249,249,1
250,250,1
251,251,0
252,252,1
253,253,0
254,254,0
255,255,0
256,256,0
257,257,0
258,258,0
259,259,0
260,260,1
261,261,0
262,262,0
263,263,1
264,264,0
265,265,0
266,266,0
267,267,0
268,268,1
269,269,0
270,270,1
271,271,0
272,272,1
273,273,1
274,274,0
275,275,1
276,276,0
277,277,0
278,278,0
279,279,0
280,280,0
281,281,1
282,282,1
283,283,0
284,284,1
285,285,0
286,286,0
287,287,1
288,288,0
289,289,0
290,290,0
291,291,1
292,292,0
293,293,0
294,294,0
295,295,0
296,296,1
297,297,0
298,298,0
299,299,0
300,300,0
301,301,0
302,302,0
303,303,0
304,304,1
305,305,0
306,306,1
307,307,1
308,308,1
309,309,0
310,310,0
311,311,0
312,312,0
313,313,0
314,314,1
315,315,1
316,316,1
317,317,0
318,318,0
319,319,1
320,320,0
321,321,0
322,322,0
323,323,1
324,324,1
325,325,0
326,326,0
327,327,0
328,328,0
329,329,0
330,330,0
331,331,0
332,332,0
333,333,0
334,334,0
335,335,0
336,336,0
337,337,0
338,338,1
339,339,0
340,340,0
341,341,0
342,342,1
343,343,1
344,344,0
345,345,1
346,346,0
347,347,0
348,348,0
349,349,0
350,350,0
351,351,0
352,352,0
353,353,1
354,354,1
355,355,1
356,356,1
357,357,0
358,358,0
359,359,1
360,360,1
361,361,0
362,362,0
363,363,0
364,364,1
365,365,1
366,366,0
367,367,1
368,368,1
369,369,0
370,370,0
371,371,1
372,372,0
373,373,1
374,374,1
375,375,1
376,376,0
377,377,0
378,378,0
379,379,0
380,380,0
381,381,0
382,382,1
383,383,0
384,384,0
385,385,1
386,386,0
387,387,0
388,388,0
389,389,0
390,390,1
391,391,1
392,392,1
393,393,0
394,394,0
395,395,1
396,396,0
397,397,1
398,398,0
399,399,0
400,400,1
401,401,0
402,402,1
403,403,1
404,404,0
405,405,0
406,406,0
407,407,1
408,408,1
409,409,1
410,410,1
411,411,1
412,412,1
413,413,0
414,414,1
415,415,0
416,416,0
417,417,0
